100
1001
1001
1002
1003
1003
1003
1004
1004
1004
1004
1008
1009
1009
101
101
101
101
101
101
101
1010
1011
1011
1011
1011
1011
1012
1012
1014
1014
1014
1015
1015
1015
1015
1015
1015
1015
1015
1015
1015
1016
1016
1016
1016
1016
1017
1017
1017
1017
1018
1019
102
102
102
1020
1021
1021
1021
1021
1021
1021
1021
1021
1023
1023
1024
1025
1025
1025
1025
1025
1025
1025
1025
1026
1026
1026
1026
1026
1026
1026
1026
1026
1026
1026
1026
1026
1026
1026
1026
1026
1026
1026
1026
1026
1026
1026
1026
1026
1026
1026
1026
1026
1026
1026
1026
1026
1026
1026
1026
1026
1027
1027
1028
1028
1028
1028
1028
1028
1028
1028
1028
1028
1029
103
103
103
103
103
103
103
103
103
103
103
103
103
103
103
1030
1030
1030
1031
1031
1032
1033
1033
1033
1033
1034
1034
1034
1034
1034
1034
1034
1036
1036
1036
1036
1037
1038
1038
1038
1038
1039
1039
1039
1039
1039
1039
1039
1039
1039
1039
1039
1039
104
104
1040
1040
1040
1040
1040
1040
1040
1040
1040
1041
1041
1041
1042
1042
1042
1042
1042
1042
1043
1043
1044
1045
1045
1045
1046
1047
1047
1047
1047
1047
1047
1048
1048
1048
1048
1048
1048
1048
1048
1049
1049
1049
1049
1049
1049
1049
1049
1049
1049
1049
1049
1050
1050
1050
1051
1051
1051
1052
1053
1054
1054
1054
1054
1054
1054
1054
1054
1054
1054
1054
1054
1055
1055
1055
1055
1056
1056
1056
1056
1056
1056
1056
1057
1057
1057
1057
1057
1057
1057
1058
1058
1058
1058
1058
1058
1058
1059
1059
1059
1059
1059
1059
106
1060
1060
1060
1060
1060
1060
1060
1060
1060
1060
1060
1061
1062
1062
1062
1062
1063
1063
1064
1064
1065
1065
1065
1065
1065
1065
1065
1065
1065
1065
1065
1066
1066
1066
1066
1068
1068
1068
1068
1069
1069
1069
107
107
107
107
107
107
107
107
107
107
107
107
107
107
107
107
107
107
107
107
107
107
107
1070
1070
1070
1070
1071
1071
1071
1071
1072
1072
1072
1072
1073
1073
1073
1074
1074
1075
1077
1077
1077
1078
1078
1078
1078
1078
1078
1078
1078
1079
1079
1079
108
108
108
108
108
108
108
108
108
108
108
108
108
108
108
108
108
108
108
108
108
108
108
108
108
108
108
108
108
108
108
108
108
108
108
108
108
108
108
108
108
108
108
108
108
108
108
108
108
108
108
108
108
108
108
108
108
108
108
108
108
108
108
108
108
1080
1081
1081
1081
1081
1081
1081
1082
1082
1082
1082
1082
1082
1082
1082
1082
1084
1084
1084
1084
1085
1085
1086
1087
1087
1088
1088
1088
1089
1089
1089
1089
1089
109
109
109
109
109
109
109
109
109
109
109
109
109
109
109
109
109
109
109
109
109
109
109
109
1090
1091
1091
1091
1091
1091
1092
1092
1092
1092
1092
1093
1094
1094
1094
1094
1094
1095
1095
1095
1095
1095
1096
1096
1096
1096
1096
1097
1097
1097
1098
1098
1098
1098
1099
1099
1099
1099
1099
1099
1099
1099
1099
1099
1099
1099
1099
1099
1099
1099
11
11
110
110
110
110
1100
1100
1100
1100
1100
1100
1100
1101
1101
1101
1101
1101
1101
1101
1101
1101
1101
1101
1101
1101
1101
1101
1101
1101
1101
1101
1101
1101
1101
1101
1101
1101
1101
1101
1101
1101
1101
1101
1101
1101
1101
1101
1101
1101
1101
1101
1102
1102
1103
1103
1103
1103
1103
1103
1103
1103
1104
1106
1106
1106
1106
1106
1106
1108
1108
1108
1109
1109
1109
1109
111
111
111
111
111
111
111
111
111
111
111
111
111
111
111
111
111
111
111
111
111
111
111
111
111
111
111
111
111
111
111
111
111
1110
1110
1110
1110
1110
1110
1110
1110
1110
1110
1110
1110
1110
1110
1110
1110
1110
1110
1110
1110
1110
1110
1110
1110
1110
1110
1110
1110
1110
1110
1110
1110
1110
1110
1110
1110
1110
1110
1110
1110
1110
1110
1110
1110
1110
1110
1110
1110
1110
1110
1110
1110
1110
1110
1110
1110
1110
1110
1110
1110
1110
1110
1110
1110
1110
1110
1111
1111
1111
1111
1112
1112
1112
1112
1112
1112
1113
1113
1113
1113
1113
1113
1113
1113
1114
1114
1114
1115
1115
1115
1115
1115
1116
1116
1116
1116
1116
1116
1116
1117
1118
1119
1119
1119
1119
1119
1119
1119
1119
1119
1119
1119
1119
112
112
112
112
112
112
112
112
112
112
112
112
112
112
112
112
112
112
112
112
112
112
112
112
112
112
112
112
112
112
112
112
112
112
112
112
112
112
112
112
112
112
112
112
112
112
112
112
112
112
112
112
112
112
112
1120
1121
1121
1121
1122
1123
1123
1124
1124
1124
1124
1124
1124
1126
1126
1126
1126
1126
1126
1126
1126
1126
1126
1126
1126
1126
1126
1126
1126
1126
1126
1126
1126
1126
1126
1126
1126
1126
1126
1127
1127
1127
1127
1127
1127
1127
1127
1127
1128
1128
1128
1128
1128
1128
1128
1128
1128
1129
1129
1129
1129
1129
1129
1129
1129
113
113
113
113
113
113
113
113
113
113
113
1130
1132
1133
1133
1133
1133
1133
1133
1133
1133
1133
1133
1133
1133
1133
1133
1133
1133
1134
1136
1136
1137
1137
1137
1137
1137
1137
1137
1138
1138
1138
1138
1138
1138
1138
1138
1139
1139
1139
114
114
114
114
114
114
114
114
114
1141
1141
1141
1141
1141
1141
1141
1141
1141
1141
1142
1142
1142
1142
1142
1142
1142
1142
1142
1142
1143
1143
1143
1143
1143
1143
1144
1145
1145
1146
1146
1146
1147
1148
1148
1148
1149
1149
1149
1149
1149
1149
1149
1149
1149
1149
1149
1149
115
115
115
115
115
115
115
115
115
115
115
115
115
115
115
115
1150
1150
1150
1150
1150
1150
1150
1151
1151
1151
1151
1152
1152
1152
1153
1154
1154
1154
1154
1154
1154
1154
1154
1155
1155
1155
1155
1155
1155
1155
1155
1155
1155
1156
1156
1156
1156
1156
1159
1159
116
116
116
116
116
116
116
116
116
116
116
116
116
116
116
1160
1164
1166
1166
1167
1168
1168
117
117
117
117
117
117
117
117
117
117
117
117
117
117
1171
1172
1172
1173
1173
1173
1173
1173
1173
1173
1173
1173
1174
1174
1174
1174
1174
1174
1174
1174
1174
1174
1174
1174
1174
1174
1174
1174
1174
1174
1174
1174
1174
1174
1174
1174
1174
1174
1174
1174
1174
1174
1174
1174
1174
1174
1174
1174
1174
1174
1174
1174
1174
1174
1174
1174
1174
1174
1174
1174
1174
1174
1174
1174
1174
1174
1174
1174
1174
1174
1174
1174
1174
1174
1174
1174
1174
1174
1174
1174
1174
1174
1174
1174
1174
1174
1174
1174
1174
1174
1174
1174
1174
1174
1174
1174
1174
1174
1174
1174
1174
1174
1174
1174
1174
1174
1174
1174
1174
1174
1174
1174
1174
1174
1174
1174
1174
1174
1174
1174
1174
1174
1174
1174
1174
1174
1174
1174
1174
1174
1174
1174
1174
1174
1174
1174
1174
1174
1174
1174
1174
1174
1174
1174
1174
1174
1174
1174
1174
1174
1174
1174
1174
1174
1174
1174
1174
1174
1174
1174
1174
1174
1174
1174
1174
1174
1174
1174
1174
1174
1174
1174
1174
1174
1174
1174
1174
1174
1174
1174
1174
1174
1174
1174
1174
1174
1174
1174
1174
1174
1174
1174
1174
1174
1174
1174
1174
1174
1174
1174
1174
1174
1174
1174
1174
1174
1174
1174
1174
1174
1174
1174
1174
1174
1174
1174
1174
1174
1174
1174
1174
1174
1174
1174
1174
1174
1174
1174
1174
1174
1174
1174
1174
1174
1174
1174
1174
1174
1174
1174
1174
1174
1174
1174
1174
1174
1174
1174
1174
1174
1174
1174
1174
1174
1174
1174
1174
1174
1174
1174
1174
1174
1174
1174
1174
1174
1174
1174
1174
1174
1174
1174
1174
1174
1174
1174
1174
1174
1174
1174
1174
1174
1174
1174
1174
1174
1174
1174
1174
1174
1174
1174
1174
1174
1174
1174
1174
1174
1174
1174
1174
1174
1174
1174
1174
1174
1174
1174
1174
1174
1174
1174
1174
1174
1174
1174
1174
1174
1174
1174
1174
1174
1174
1174
1174
1174
1174
1174
1174
1174
1174
1174
1174
1174
1174
1174
1174
1174
1174
1174
1174
1174
1174
1174
1174
1174
1174
1174
1174
1174
1174
1174
1174
1174
1174
1174
1174
1174
1174
1174
1174
1174
1174
1174
1174
1174
1174
1174
1174
1174
1174
1174
1174
1174
1174
1174
1174
1174
1174
1174
1174
1174
1174
1174
1174
1174
1174
1174
1174
1174
1174
1174
1174
1174
1174
1174
1174
1174
1174
1174
1174
1174
1174
1174
1174
1174
1174
1174
1174
1174
1174
1174
1174
1174
1174
1174
1174
1174
1174
1174
1174
1174
1174
1174
1174
1174
1174
1174
1174
1174
1174
1174
1174
1174
1174
1174
1174
1174
1174
1174
1174
1174
1174
1174
1174
1174
1174
1174
1174
1174
1174
1174
1174
1174
1174
1174
1174
1174
1174
1174
1174
1174
1174
1174
1174
1174
1174
1174
1174
1174
1174
1174
1174
1174
1174
1174
1174
1174
1174
1174
1174
1174
1174
1174
1174
1174
1174
1174
1174
1174
1174
1174
1174
1174
1174
1174
1174
1174
1174
1174
1174
1174
1174
1174
1174
1174
1174
1174
1174
1174
1174
1174
1174
1174
1174
1174
1174
1174
1174
1174
1174
1174
1174
1174
1174
1174
1174
1174
1174
1174
1174
1174
1174
1174
1174
1174
1174
1174
1174
1174
1174
1174
1174
1174
1174
1174
1174
1174
1174
1174
1174
1174
1174
1174
1174
1174
1174
1174
1174
1174
1174
1174
1174
1174
1174
1174
1174
1174
1174
1174
1174
1174
1174
1174
1174
1174
1174
1174
1174
1174
1174
1174
1174
1174
1174
1174
1174
1174
1174
1174
1174
1174
1174
1174
1174
1174
1174
1174
1174
1174
1174
1174
1174
1174
1174
1174
1174
1174
1174
1174
1174
1174
1174
1174
1174
1174
1174
1174
1174
1174
1174
1174
1174
1174
1174
1174
1174
1174
1174
1174
1174
1174
1174
1174
1174
1174
1174
1174
1174
1174
1174
1174
1174
1174
1174
1174
1174
1174
1174
1174
1174
1174
1174
1174
1174
1174
1174
1174
1174
1174
1174
1174
1174
1174
1174
1174
1174
1174
1174
1174
1174
1174
1174
1174
1174
1174
1174
1174
1174
1174
1174
1174
1174
1174
1174
1174
1174
1174
1174
1174
1174
1174
1174
1174
1174
1174
1174
1174
1174
1174
1174
1174
1174
1174
1174
1174
1174
1174
1174
1174
1174
1174
1174
1174
1174
1174
1174
1174
1174
1174
1174
1174
1174
1174
1174
1174
1174
1174
1174
1174
1174
1174
1174
1174
1174
1174
1174
1174
1174
1174
1174
1174
1174
1174
1174
1174
1174
1174
1174
1174
1174
1174
1174
1174
1174
1174
1174
1174
1174
1174
1174
1174
1174
1174
1174
1174
1174
1174
1174
1174
1174
1174
1174
1174
1174
1174
1174
1174
1174
1174
1174
1174
1174
1174
1174
1174
1174
1174
1174
1174
1174
1174
1174
1174
1174
1174
1174
1174
1174
1174
1174
1174
1174
1174
1174
1174
1174
1174
1174
1174
1174
1174
1174
1174
1174
1174
1174
1174
1174
1174
1174
1174
1174
1174
1174
1174
1174
1174
1174
1174
1174
1174
1174
1174
1174
1174
1174
1174
1174
1174
1174
1174
1174
1174
1174
1174
1174
1174
1174
1174
1174
1174
1174
1174
1174
1174
1174
1174
1174
1174
1174
1174
1174
1174
1174
1174
1174
1174
1174
1174
1174
1174
1174
1174
1174
1174
1174
1174
1174
1174
1174
1174
1174
1174
1174
1174
1174
1174
1174
1174
1174
1174
1174
1174
1174
1174
1174
1174
1174
1174
1174
1174
1174
1174
1174
1174
1174
1174
1174
1174
1174
1174
1174
1174
1174
1174
1174
1174
1174
1174
1174
1174
1174
1174
1174
1174
1174
1174
1174
1174
1174
1174
1174
1174
1174
1174
1174
1174
1174
1174
1174
1174
1174
1174
1174
1174
1174
1174
1174
1174
1174
1174
1174
1174
1174
1174
1174
1174
1174
1174
1174
1174
1174
1174
1174
1174
1174
1174
1174
1174
1174
1174
1174
1174
1174
1174
1174
1174
1174
1174
1174
1174
1174
1174
1174
1174
1174
1174
1174
1174
1174
1174
1174
1174
1174
1174
1174
1174
1174
1174
1174
1174
1174
1174
1174
1174
1174
1174
1174
1174
1174
1174
1174
1174
1174
1174
1174
1174
1174
1174
1174
1174
1174
1174
1174
1174
1174
1174
1174
1174
1174
1174
1174
1174
1174
1174
1174
1174
1174
1174
1174
1174
1174
1174
1174
1174
1174
1174
1174
1174
1174
1174
1174
1174
1174
1174
1174
1174
1174
1174
1174
1174
1174
1174
1174
1174
1174
1174
1174
1174
1174
1174
1174
1174
1174
1174
1174
1174
1174
1174
1174
1174
1174
1174
1174
1174
1174
1174
1174
1174
1174
1174
1174
1174
1174
1174
1174
1174
1174
1174
1174
1174
1174
1174
1174
1174
1174
1174
1174
1174
1174
1174
1174
1174
1174
1174
1174
1174
1174
1174
1174
1174
1174
1174
1174
1174
1174
1174
1174
1174
1174
1174
1174
1174
1174
1174
1174
1174
1174
1174
1174
1174
1174
1174
1174
1174
1174
1174
1174
1174
1174
1174
1174
1174
1174
1174
1174
1174
1174
1174
1174
1174
1174
1174
1174
1174
1174
1174
1174
1174
1174
1174
1174
1174
1174
1174
1174
1174
1174
1174
1174
1174
1174
1174
1174
1174
1174
1174
1174
1174
1174
1174
1174
1174
1174
1174
1174
1174
1174
1174
1174
1174
1174
1174
1174
1174
1174
1174
1174
1174
1174
1174
1174
1174
1174
1174
1174
1174
1174
1174
1174
1174
1174
1174
1174
1174
1174
1174
1174
1174
1174
1174
1174
1174
1174
1174
1174
1174
1174
1174
1174
1174
1174
1174
1174
1174
1174
1174
1174
1174
1174
1174
1174
1174
1174
1174
1174
1174
1174
1174
1174
1174
1174
1174
1174
1174
1174
1174
1174
1174
1174
1174
1174
1174
1174
1174
1174
1174
1174
1174
1174
1174
1174
1174
1174
1174
1174
1174
1174
1174
1174
1174
1174
1174
1174
1174
1174
1174
1174
1174
1174
1174
1174
1174
1174
1174
1174
1174
1174
1174
1174
1174
1174
1174
1174
1174
1174
1174
1174
1174
1174
1174
1174
1174
1174
1174
1174
1174
1174
1174
1174
1174
1174
1174
1174
1174
1174
1174
1174
1174
1174
1174
1174
1174
1174
1174
1174
1174
1174
1174
1174
1174
1174
1174
1174
1174
1174
1174
1174
1174
1174
1174
1174
1174
1174
1174
1174
1174
1174
1174
1174
1174
1174
1174
1174
1174
1174
1174
1174
1174
1174
1174
1174
1174
1174
1174
1174
1174
1174
1174
1174
1174
1174
1174
1174
1174
1174
1174
1174
1174
1174
1174
1174
1174
1174
1174
1174
1174
1174
1174
1174
1174
1174
1174
1174
1174
1174
1174
1174
1174
1174
1174
1174
1174
1174
1174
1174
1174
1174
1174
1174
1174
1174
1174
1174
1174
1174
1174
1174
1174
1174
1174
1174
1174
1174
1174
1174
1174
1174
1174
1174
1174
1174
1174
1174
1174
1174
1174
1174
1174
1174
1174
1174
1174
1174
1174
1174
1174
1174
1174
1174
1174
1174
1174
1174
1174
1174
1174
1174
1174
1174
1174
1174
1174
1174
1174
1174
1174
1174
1174
1174
1174
1174
1174
1174
1174
1174
1174
1174
1174
1174
1174
1174
1174
1174
1174
1174
1174
1174
1174
1174
1174
1174
1174
1174
1174
1174
1174
1174
1174
1174
1174
1174
1174
1174
1174
1174
1174
1174
1174
1174
1174
1174
1174
1174
1174
1174
1174
1174
1174
1174
1174
1174
1174
1174
1174
1174
1174
1174
1174
1174
1174
1174
1174
1174
1174
1174
1174
1174
1174
1174
1174
1174
1174
1174
1174
1174
1174
1174
1174
1174
1174
1174
1174
1174
1174
1174
1174
1174
1174
1174
1174
1174
1174
1174
1174
1174
1174
1174
1174
1174
1174
1174
1174
1174
1174
1174
1174
1174
1174
1174
1174
1174
1174
1174
1174
1174
1174
1174
1174
1174
1174
1174
1174
1174
1174
1174
1174
1174
1174
1174
1174
1174
1174
1174
1174
1174
1174
1174
1174
1174
1174
1174
1174
1174
1174
1174
1174
1174
1174
1174
1174
1174
1174
1174
1174
1174
1174
1174
1174
1174
1174
1174
1174
1174
1174
1174
1174
1174
1174
1174
1174
1174
1174
1174
1174
1174
1174
1174
1174
1174
1174
1174
1174
1174
1174
1174
1174
1174
1174
1174
1174
1174
1174
1174
1174
1174
1174
1174
1174
1174
1174
1174
1174
1174
1174
1174
1174
1174
1174
1174
1174
1174
1174
1174
1174
1174
1174
1174
1174
1174
1174
1174
1174
1174
1174
1174
1174
1174
1174
1174
1174
1174
1174
1174
1174
1174
1174
1174
1174
1174
1174
1174
1174
1174
1174
1174
1174
1174
1174
1174
1174
1174
1174
1174
1174
1174
1174
1174
1174
1174
1174
1174
1174
1174
1174
1174
1174
1174
1174
1174
1174
1174
1174
1174
1174
1174
1174
1174
1174
1174
1174
1174
1174
1174
1174
1174
1174
1174
1174
1174
1174
1174
1174
1174
1174
1174
1174
1174
1174
1174
1174
1174
1174
1174
1174
1174
1174
1174
1174
1174
1174
1174
1174
1174
1174
1174
1174
1174
1174
1174
1174
1174
1174
1174
1174
1174
1174
1174
1174
1174
1174
1174
1174
1174
1174
1174
1174
1174
1174
1174
1174
1174
1174
1174
1174
1174
1174
1174
1174
1174
1174
1174
1174
1174
1174
1174
1174
1174
1174
1174
1174
1174
1174
1174
1174
1174
1174
1174
1174
1174
1174
1174
1174
1174
1174
1174
1174
1174
1174
1174
1174
1174
1174
1174
1174
1174
1174
1174
1174
1174
1174
1174
1174
1174
1174
1174
1174
1174
1174
1174
1174
1174
1174
1174
1174
1174
1174
1174
1174
1174
1174
1174
1174
1174
1174
1174
1174
1174
1174
1174
1174
1174
1174
1174
1174
1174
1174
1174
1174
1174
1174
1174
1174
1174
1174
1174
1174
1174
1174
1174
1174
1174
1174
1174
1174
1174
1174
1174
1174
1174
1174
1174
1174
1174
1174
1174
1174
1174
1174
1174
1174
1174
1174
1174
1174
1174
1174
1174
1174
1174
1174
1174
1174
1174
1174
1174
1174
1174
1174
1174
1174
1174
1174
1174
1174
1174
1174
1174
1174
1174
1174
1174
1174
1174
1174
1174
1174
1174
1174
1174
1174
1174
1174
1174
1174
1174
1174
1174
1174
1174
1174
1174
1174
1174
1174
1174
1174
1174
1174
1174
1174
1174
1174
1174
1174
1174
1174
1174
1174
1174
1174
1174
1174
1174
1174
1174
1174
1174
1174
1174
1174
1174
1174
1174
1174
1174
1174
1174
1174
1174
1174
1174
1174
1174
1174
1174
1174
1174
1174
1174
1174
1174
1174
1174
1174
1174
1174
1174
1174
1174
1174
1174
1174
1174
1174
1174
1174
1174
1174
1174
1174
1174
1174
1174
1174
1174
1174
1174
1174
1174
1174
1174
1174
1174
1174
1174
1174
1174
1174
1174
1174
1174
1174
1174
1174
1174
1174
1174
1174
1174
1174
1174
1174
1174
1174
1174
1174
1174
1174
1174
1174
1174
1174
1174
1174
1174
1174
1174
1174
1174
1174
1174
1174
1174
1174
1174
1174
1174
1174
1174
1174
1174
1174
1174
1174
1174
1174
1174
1174
1174
1174
1174
1174
1174
1174
1174
1174
1174
1174
1174
1174
1174
1174
1174
1174
1174
1174
1174
1174
1174
1174
1174
1174
1174
1174
1174
1174
1174
1174
1174
1174
1174
1174
1174
1174
1174
1174
1174
1174
1174
1174
1174
1174
1174
1174
1174
1174
1174
1174
1174
1174
1174
1174
1174
1174
1174
1174
1174
1174
1174
1174
1174
1174
1174
1174
1174
1174
1174
1174
1174
1174
1174
1174
1174
1174
1174
1174
1174
1174
1174
1174
1174
1174
1174
1174
1174
1174
1174
1174
1174
1174
1174
1174
1174
1174
1174
1174
1174
1174
1174
1174
1174
1174
1174
1174
1174
1174
1174
1174
1174
1174
1174
1174
1174
1174
1174
1174
1174
1174
1174
1174
1174
1174
1174
1174
1174
1174
1174
1174
1174
1174
1174
1174
1174
1174
1174
1174
1174
1174
1174
1174
1174
1174
1174
1174
1174
1174
1174
1174
1174
1174
1174
1174
1174
1174
1174
1174
1174
1174
1174
1174
1174
1174
1174
1174
1174
1174
1174
1174
1174
1174
1174
1174
1174
1174
1174
1174
1174
1174
1174
1174
1174
1174
1174
1174
1174
1174
1174
1174
1174
1174
1174
1174
1174
1174
1174
1174
1174
1174
1174
1174
1174
1174
1174
1174
1174
1174
1174
1174
1174
1174
1174
1174
1174
1174
1174
1174
1174
1174
1174
1174
1174
1174
1174
1174
1174
1174
1174
1174
1174
1174
1174
1174
1174
1174
1174
1174
1174
1174
1174
1174
1174
1174
1174
1174
1174
1174
1174
1174
1174
1174
1174
1174
1174
1174
1174
1174
1174
1174
1174
1174
1174
1174
1174
1174
1174
1174
1174
1174
1174
1174
1174
1174
1174
1174
1174
1174
1174
1174
1174
1174
1174
1174
1174
1174
1174
1174
1174
1174
1174
1174
1174
1174
1174
1174
1174
1174
1174
1174
1174
1174
1174
1174
1174
1174
1174
1174
1174
1174
1174
1174
1174
1174
1174
1174
1174
1174
1174
1174
1174
1174
1174
1174
1174
1174
1174
1174
1174
1174
1174
1174
1174
1174
1174
1174
1174
1174
1174
1174
1174
1174
1174
1174
1174
1174
1174
1174
1174
1174
1174
1174
1174
1174
1174
1174
1174
1174
1174
1174
1174
1174
1174
1174
1174
1174
1174
1174
1174
1174
1174
1174
1174
1174
1174
1174
1174
1174
1174
1174
1174
1174
1174
1174
1174
1174
1174
1174
1174
1174
1174
1174
1174
1174
1174
1174
1174
1174
1174
1174
1174
1174
1174
1174
1174
1174
1174
1174
1174
1174
1174
1174
1174
1174
1174
1174
1174
1174
1174
1174
1174
1174
1174
1174
1174
1174
1174
1174
1174
1174
1174
1174
1174
1174
1174
1174
1174
1174
1174
1174
1174
1174
1174
1174
1174
1174
1174
1174
1174
1174
1174
1174
1174
1174
1174
1174
1174
1174
1174
1174
1174
1174
1174
1174
1174
1174
1174
1174
1174
1174
1174
1174
1174
1174
1174
1174
1174
1174
1174
1174
1174
1174
1174
1174
1174
1174
1174
1174
1174
1174
1174
1174
1174
1174
1174
1174
1174
1174
1174
1174
1174
1174
1174
1174
1174
1174
1174
1174
1174
1174
1174
1174
1174
1174
1174
1174
1174
1174
1174
1174
1174
1174
1174
1174
1174
1174
1174
1174
1174
1174
1174
1174
1174
1174
1174
1174
1174
1174
1174
1174
1174
1174
1174
1174
1174
1174
1174
1174
1174
1174
1174
1174
1174
1174
1174
1174
1174
1174
1174
1174
1174
1174
1174
1174
1174
1174
1174
1174
1174
1174
1174
1174
1174
1174
1174
1174
1174
1174
1174
1174
1174
1174
1174
1174
1174
1174
1174
1174
1174
1174
1174
1174
1174
1174
1174
1174
1174
1174
1174
1174
1174
1174
1174
1174
1174
1174
1174
1174
1174
1174
1174
1174
1174
1174
1174
1174
1174
1174
1174
1174
1174
1174
1174
1174
1174
1174
1174
1174
1174
1174
1174
1174
1174
1174
1174
1174
1174
1174
1174
1174
1174
1174
1174
1174
1174
1174
1174
1174
1174
1174
1174
1174
1174
1174
1174
1174
1174
1174
1174
1174
1174
1174
1174
1174
1174
1174
1174
1174
1174
1174
1174
1174
1174
1174
1174
1174
1174
1174
1174
1174
1174
1174
1174
1174
1174
1174
1174
1174
1174
1174
1174
1174
1174
1174
1174
1174
1174
1174
1174
1174
1174
1174
1174
1174
1174
1174
1174
1174
1174
1174
1174
1174
1174
1174
1174
1174
1174
1174
1174
1174
1174
1174
1174
1174
1174
1174
1174
1174
1174
1174
1174
1174
1174
1174
1174
1174
1174
1174
1174
1174
1174
1174
1174
1174
1174
1174
1174
1174
1174
1174
1174
1174
1174
1174
1174
1174
1174
1174
1174
1174
1174
1174
1174
1174
1174
1174
1174
1174
1174
1174
1174
1174
1174
1174
1174
1174
1174
1174
1174
1174
1174
1174
1174
1174
1174
1174
1174
1174
1174
1174
1174
1174
1174
1174
1174
1174
1174
1174
1174
1174
1174
1174
1174
1174
1174
1174
1174
1174
1174
1174
1174
1174
1174
1174
1174
1174
1174
1174
1174
1174
1174
1174
1174
1174
1174
1174
1174
1174
1174
1174
1174
1174
1174
1174
1174
1174
1174
1174
1174
1174
1174
1174
1174
1174
1174
1174
1174
1174
1174
1174
1174
1174
1174
1174
1174
1174
1174
1174
1174
1174
1174
1174
1174
1174
1174
1174
1174
1174
1174
1174
1174
1174
1174
1174
1174
1174
1174
1174
1174
1174
1174
1174
1174
1174
1174
1174
1174
1174
1174
1174
1174
1174
1174
1174
1174
1174
1174
1174
1174
1174
1174
1174
1174
1174
1174
1174
1174
1174
1174
1174
1174
1174
1174
1174
1174
1174
1174
1174
1174
1174
1174
1174
1174
1174
1174
1174
1174
1174
1174
1174
1174
1174
1174
1174
1174
1174
1174
1174
1174
1174
1174
1174
1174
1174
1174
1174
1174
1174
1174
1174
1174
1174
1174
1174
1174
1174
1174
1174
1174
1174
1174
1174
1174
1174
1174
1174
1174
1174
1174
1174
1174
1174
1174
1174
1174
1174
1174
1175
1175
1175
1175
1175
1175
1175
1175
1175
1175
1175
1175
1175
1175
1175
1175
1175
1175
1175
1175
1175
1175
1175
1175
1175
1175
1175
1175
1175
1175
1175
1175
1175
1175
1175
1175
1175
1175
1175
1175
1175
1175
1175
1175
1175
1175
1175
1175
1175
1175
1175
1175
1175
1175
1175
1175
1175
1175
1175
1175
1175
1175
1175
1175
1175
1175
1175
1175
1175
1175
1175
1175
1175
1175
1175
1175
1175
1175
1175
1175
1175
1175
1175
1175
1175
1175
1175
1175
1175
1175
1175
1175
1175
1175
1175
1175
1175
1175
1175
1175
1175
1175
1175
1175
1175
1175
1175
1175
1175
1175
1175
1175
1175
1175
1175
1175
1175
1175
1175
1175
1175
1175
1175
1175
1175
1175
1175
1175
1175
1175
1175
1175
1175
1175
1175
1175
1175
1175
1175
1175
1175
1175
1175
1175
1175
1175
1175
1175
1175
1175
1175
1175
1175
1175
1175
1175
1175
1175
1175
1175
1175
1175
1175
1175
1175
1175
1175
1175
1175
1175
1175
1175
1175
1175
1175
1175
1175
1175
1175
1175
1175
1175
1175
1175
1175
1175
1175
1175
1175
1175
1175
1175
1175
1175
1175
1175
1175
1175
1175
1175
1175
1175
1175
1175
1175
1175
1175
1175
1175
1175
1175
1175
1175
1175
1175
1175
1175
1175
1175
1175
1175
1175
1175
1175
1175
1175
1175
1175
1175
1175
1175
1175
1175
1175
1175
1175
1175
1175
1175
1175
1175
1175
1175
1175
1175
1175
1175
1175
1175
1175
1175
1175
1175
1175
1175
1175
1175
1175
1175
1175
1175
1175
1175
1175
1175
1175
1175
1175
1175
1175
1175
1175
1175
1175
1175
1175
1175
1175
1175
1175
1175
1175
1175
1175
1175
1175
1175
1175
1175
1175
1175
1175
1175
1175
1175
1175
1175
1175
1175
1175
1175
1175
1175
1175
1175
1175
1175
1175
1175
1175
1175
1175
1175
1175
1175
1175
1175
1175
1175
1175
1175
1175
1175
1175
1175
1175
1175
1175
1175
1175
1175
1175
1175
1175
1175
1175
1175
1175
1175
1175
1175
1175
1175
1175
1175
1175
1175
1175
1175
1175
1175
1175
1175
1175
1175
1175
1175
1175
1175
1175
1175
1175
1175
1175
1175
1175
1175
1175
1175
1175
1175
1175
1175
1175
1175
1175
1175
1175
1175
1175
1175
1175
1175
1175
1175
1175
1175
1175
1175
1175
1175
1175
1175
1175
1175
1175
1175
1175
1175
1175
1175
1175
1175
1175
1175
1175
1175
1175
1175
1175
1175
1175
1175
1175
1175
1175
1175
1175
1175
1175
1175
1175
1175
1175
1175
1175
1175
1175
1175
1175
1175
1175
1175
1175
1175
1175
1175
1175
1175
1175
1175
1175
1175
1175
1175
1175
1175
1175
1175
1175
1175
1175
1175
1175
1175
1175
1175
1175
1175
1175
1175
1175
1175
1175
1175
1175
1175
1175
1175
1175
1175
1175
1175
1175
1175
1175
1175
1175
1175
1175
1175
1175
1175
1175
1175
1175
1175
1175
1175
1175
1175
1175
1175
1175
1175
1175
1175
1175
1175
1175
1175
1175
1175
1175
1175
1175
1175
1175
1175
1175
1175
1175
1175
1175
1175
1175
1175
1175
1175
1175
1175
1175
1175
1175
1175
1175
1175
1175
1175
1175
1175
1175
1175
1175
1175
1175
1175
1175
1175
1175
1175
1175
1175
1175
1175
1175
1175
1175
1175
1175
1175
1175
1175
1175
1175
1175
1175
1175
1175
1175
1175
1175
1175
1175
1175
1175
1175
1175
1175
1175
1175
1175
1175
1175
1175
1175
1175
1175
1175
1175
1175
1175
1175
1175
1175
1175
1175
1175
1175
1175
1175
1175
1175
1175
1175
1175
1175
1175
1175
1175
1175
1175
1175
1175
1175
1175
1175
1175
1175
1175
1175
1175
1175
1175
1175
1175
1175
1175
1175
1175
1175
1175
1175
1175
1175
1175
1175
1175
1175
1175
1175
1175
1175
1175
1175
1175
1175
1175
1175
1175
1175
1175
1175
1175
1175
1175
1175
1175
1175
1175
1175
1175
1175
1175
1175
1175
1175
1175
1175
1175
1175
1175
1175
1175
1175
1175
1175
1175
1175
1175
1175
1175
1175
1175
1175
1175
1175
1175
1175
1175
1175
1175
1175
1175
1175
1175
1175
1175
1175
1175
1175
1175
1175
1175
1175
1175
1175
1175
1175
1175
1175
1175
1175
1175
1175
1175
1175
1175
1175
1175
1175
1175
1175
1175
1175
1175
1175
1175
1175
1175
1175
1175
1175
1175
1175
1175
1175
1175
1175
1175
1175
1175
1175
1175
1175
1175
1175
1175
1175
1175
1175
1175
1175
1175
1175
1175
1175
1175
1175
1175
1175
1175
1175
1175
1175
1175
1175
1175
1175
1175
1175
1175
1175
1175
1175
1175
1175
1175
1175
1175
1175
1175
1175
1175
1175
1175
1175
1175
1175
1175
1175
1175
1175
1175
1175
1175
1175
1175
1175
1175
1175
1175
1175
1175
1175
1175
1175
1175
1175
1175
1175
1175
1175
1175
1175
1175
1175
1175
1175
1175
1175
1175
1175
1175
1175
1175
1175
1175
1175
1175
1175
1175
1175
1175
1175
1175
1175
1175
1175
1175
1175
1175
1175
1175
1175
1175
1175
1175
1175
1175
1175
1175
1175
1175
1175
1175
1175
1175
1175
1175
1175
1175
1175
1175
1175
1175
1175
1175
1175
1175
1175
1175
1175
1175
1175
1175
1175
1175
1175
1175
1175
1175
1175
1175
1175
1175
1175
1175
1175
1175
1175
1175
1175
1175
1175
1175
1175
1175
1175
1175
1175
1175
1175
1175
1175
1175
1175
1175
1175
1175
1175
1175
1175
1175
1175
1175
1175
1175
1175
1175
1175
1175
1175
1175
1175
1175
1175
1175
1175
1175
1175
1175
1175
1175
1175
1175
1175
1175
1175
1175
1175
1175
1175
1175
1175
1175
1175
1175
1175
1175
1175
1175
1175
1175
1175
1175
1175
1175
1175
1175
1175
1175
1175
1175
1175
1175
1175
1175
1175
1175
1175
1175
1175
1175
1175
1175
1175
1175
1175
1175
1175
1175
1175
1175
1175
1175
1175
1175
1175
1175
1175
1175
1175
1175
1175
1175
1175
1175
1175
1175
1175
1175
1175
1175
1175
1175
1175
1175
1175
1175
1175
1175
1175
1175
1175
1175
1175
1175
1175
1175
1175
1175
1175
1175
1175
1175
1175
1175
1175
1175
1175
1175
1175
1175
1175
1175
1175
1175
1175
1175
1175
1175
1175
1175
1175
1175
1175
1175
1175
1175
1175
1175
1175
1175
1175
1175
1175
1175
1175
1175
1175
1175
1175
1175
1175
1175
1175
1175
1175
1175
1175
1175
1175
1175
1175
1175
1175
1175
1175
1175
1175
1175
1175
1175
1175
1175
1175
1175
1175
1175
1175
1175
1175
1175
1175
1175
1175
1175
1175
1175
1175
1175
1175
1175
1175
1175
1175
1175
1175
1175
1175
1175
1175
1175
1175
1175
1175
1175
1175
1175
1175
1175
1175
1175
1175
1175
1175
1175
1175
1175
1175
1175
1175
1175
1175
1175
1175
1175
1175
1175
1175
1175
1175
1175
1175
1175
1175
1175
1175
1175
1175
1175
1175
1175
1175
1175
1175
1175
1175
1175
1175
1175
1175
1175
1175
1175
1175
1175
1175
1175
1175
1175
1175
1175
1175
1175
1175
1175
1175
1175
1175
1175
1175
1175
1175
1175
1175
1175
1175
1175
1175
1175
1175
1175
1175
1175
1175
1175
1175
1175
1175
1175
1175
1175
1175
1175
1175
1175
1175
1175
1175
1175
1175
1175
1175
1175
1175
1175
1175
1175
1175
1175
1175
1175
1175
1175
1175
1175
1175
1175
1175
1175
1175
1175
1175
1175
1175
1175
1175
1175
1175
1175
1175
1175
1175
1175
1175
1175
1175
1175
1175
1175
1175
1175
1175
1175
1175
1175
1175
1175
1175
1175
1175
1175
1175
1175
1175
1175
1175
1175
1175
1175
1175
1175
1175
1175
1175
1175
1175
1175
1175
1175
1175
1175
1175
1175
1175
1175
1175
1175
1175
1175
1175
1175
1175
1175
1175
1175
1175
1175
1175
1175
1175
1175
1175
1175
1175
1175
1175
1175
1175
1175
1175
1175
1175
1175
1175
1175
1175
1175
1175
1175
1175
1175
1175
1175
1175
1175
1175
1175
1175
1175
1175
1175
1175
1175
1175
1175
1175
1175
1175
1175
1175
1175
1175
1175
1175
1175
1175
1175
1175
1175
1175
1175
1175
1175
1175
1175
1175
1175
1175
1175
1175
1175
1175
1175
1175
1175
1175
1175
1175
1175
1175
1175
1175
1175
1175
1175
1175
1175
1175
1175
1175
1175
1175
1175
1175
1175
1175
1175
1175
1175
1175
1175
1175
1175
1175
1175
1175
1175
1175
1175
1175
1175
1175
1175
1175
1175
1175
1175
1175
1175
1175
1175
1175
1175
1175
1175
1175
1175
1175
1175
1175
1175
1175
1175
1175
1175
1175
1175
1175
1175
1175
1175
1175
1175
1175
1175
1175
1175
1175
1175
1175
1175
1175
1175
1175
1175
1175
1175
1175
1175
1175
1175
1175
1175
1175
1175
1175
1175
1175
1175
1175
1175
1175
1175
1175
1175
1175
1175
1175
1175
1175
1175
1175
1175
1175
1175
1175
1175
1175
1175
1175
1175
1175
1175
1175
1175
1175
1175
1175
1175
1175
1175
1175
1175
1175
1175
1175
1175
1175
1175
1175
1175
1175
1175
1175
1175
1175
1175
1175
1175
1175
1175
1175
1175
1175
1175
1175
1175
1175
1175
1175
1175
1175
1175
1175
1175
1175
1175
1175
1175
1175
1175
1175
1175
1175
1175
1175
1175
1175
1175
1175
1175
1175
1175
1175
1175
1175
1175
1175
1175
1175
1175
1175
1175
1175
1175
1175
1175
1175
1175
1175
1175
1175
1175
1175
1175
1175
1175
1175
1175
1175
1175
1175
1175
1175
1175
1175
1175
1175
1175
1175
1175
1175
1175
1175
1175
1175
1175
1175
1175
1175
1175
1175
1175
1175
1175
1175
1175
1175
1175
1175
1175
1175
1175
1175
1175
1175
1175
1175
1175
1175
1175
1175
1175
1175
1175
1175
1175
1175
1175
1175
1175
1175
1175
1175
1175
1175
1175
1175
1175
1175
1175
1175
1175
1175
1175
1175
1175
1175
1175
1175
1175
1175
1175
1175
1175
1175
1175
1175
1175
1175
1175
1175
1175
1175
1175
1175
1175
1175
1175
1175
1175
1175
1175
1175
1175
1175
1175
1175
1175
1175
1175
1175
1175
1175
1175
1175
1175
1175
1175
1175
1175
1175
1175
1175
1175
1175
1175
1175
1175
1175
1175
1175
1175
1175
1175
1175
1175
1175
1175
1175
1175
1175
1175
1175
1175
1175
1175
1175
1175
1175
1175
1175
1175
1175
1175
1175
1175
1175
1175
1175
1175
1175
1175
1175
1175
1175
1175
1175
1175
1175
1175
1175
1175
1175
1175
1175
1175
1175
1175
1175
1175
1175
1175
1175
1175
1175
1175
1175
1175
1175
1175
1175
1175
1175
1175
1175
1175
1175
1175
1175
1175
1175
1175
1175
1175
1175
1175
1175
1175
1175
1175
1175
1175
1175
1175
1175
1175
1175
1175
1175
1175
1175
1175
1175
1175
1175
1175
1175
1175
1175
1175
1175
1175
1175
1175
1175
1175
1175
1175
1175
1175
1175
1175
1175
1175
1175
1175
1175
1175
1175
1175
1175
1175
1175
1175
1175
1175
1175
1175
1175
1175
1175
1175
1175
1175
1175
1175
1175
1175
1175
1175
1175
1175
1175
1175
1175
1175
1175
1175
1175
1175
1175
1175
1175
1175
1175
1175
1175
1175
1175
1175
1175
1175
1175
1175
1175
1175
1175
1175
1175
1175
1175
1175
1175
1175
1175
1175
1175
1175
1175
1175
1175
1175
1175
1175
1175
1175
1175
1175
1175
1175
1175
1175
1175
1175
1175
1175
1175
1175
1175
1175
1175
1175
1175
1175
1175
1175
1175
1175
1175
1175
1175
1175
1175
1175
1175
1175
1175
1175
1175
1175
1175
1175
1175
1175
1175
1175
1175
1175
1175
1175
1175
1175
1175
1175
1175
1175
1175
1175
1175
1175
1175
1175
1175
1175
1175
1175
1175
1175
1175
1175
1175
1175
1175
1175
1175
1175
1175
1175
1175
1175
1175
1175
1175
1175
1175
1175
1175
1175
1175
1175
1175
1175
1175
1175
1175
1175
1175
1175
1175
1175
1175
1175
1175
1175
1175
1175
1175
1175
1175
1175
1175
1175
1175
1175
1175
1175
1175
1175
1175
1175
1175
1175
1175
1175
1175
1175
1175
1175
1175
1175
1175
1175
1175
1175
1175
1175
1175
1175
1175
1175
1175
1175
1175
1175
1175
1175
1175
1175
1175
1175
1175
1175
1175
1175
1175
1175
1175
1175
1175
1175
1175
1175
1175
1175
1175
1175
1175
1175
1175
1175
1175
1175
1175
1175
1175
1175
1175
1175
1175
1175
1175
1175
1175
1175
1175
1175
1175
1175
1175
1175
1175
1175
1175
1175
1175
1175
1175
1175
1175
1175
1175
1175
1175
1175
1175
1175
1175
1175
1175
1175
1175
1175
1175
1175
1175
1175
1175
1175
1175
1175
1175
1175
1175
1175
1175
1175
1175
1175
1175
1175
1175
1175
1175
1175
1175
1175
1175
1175
1175
1175
1175
1175
1175
1175
1175
1175
1175
1175
1175
1175
1175
1175
1175
1175
1175
1175
1175
1175
1175
1175
1175
1175
1175
1175
1175
1175
1175
1175
1175
1175
1175
1175
1175
1175
1175
1175
1175
1175
1175
1175
1175
1175
1175
1175
1175
1175
1175
1175
1175
1175
1175
1175
1175
1175
1175
1175
1175
1175
1175
1175
1175
1175
1175
1175
1175
1175
1175
1175
1175
1175
1175
1175
1175
1175
1175
1175
1175
1175
1175
1175
1175
1175
1175
1175
1175
1175
1175
1175
1175
1175
1175
1175
1175
1175
1175
1175
1175
1175
1175
1175
1175
1175
1175
1175
1175
1175
1175
1175
1175
1175
1175
1175
1175
1175
1175
1175
1175
1175
1175
1175
1175
1175
1175
1175
1175
1175
1175
1175
1175
1175
1175
1175
1175
1175
1175
1175
1175
1175
1175
1175
1175
1175
1175
1175
1175
1175
1175
1175
1175
1175
1175
1175
1175
1175
1175
1175
1175
1175
1175
1175
1175
1175
1175
1175
1175
1175
1175
1175
1175
1175
1175
1175
1175
1175
1175
1175
1175
1175
1175
1175
1175
1175
1175
1175
1175
1175
1175
1175
1175
1175
1175
1175
1175
1175
1175
1175
1175
1175
1175
1175
1175
1175
1175
1175
1175
1175
1175
1175
1175
1175
1175
1175
1175
1175
1175
1175
1175
1175
1175
1175
1175
1175
1175
1175
1175
1175
1175
1175
1175
1175
1175
1175
1175
1175
1175
1175
1175
1175
1175
1175
1175
1175
1175
1175
1175
1175
1175
1175
1175
1175
1175
1175
1175
1175
1175
1175
1175
1175
1175
1175
1175
1175
1175
1175
1175
1175
1175
1175
1175
1175
1175
1175
1175
1175
1175
1175
1175
1175
1175
1175
1175
1175
1175
1175
1175
1175
1175
1175
1175
1175
1175
1175
1175
1175
1175
1175
1175
1175
1175
1175
1175
1175
1175
1175
1175
1175
1175
1175
1175
1175
1175
1175
1175
1175
1175
1175
1175
1175
1175
1175
1175
1175
1175
1175
1175
1175
1175
1175
1175
1175
1175
1175
1175
1175
1175
1175
1175
1175
1175
1175
1175
1175
1175
1175
1175
1175
1175
1175
1175
1175
1175
1175
1175
1175
1175
1175
1175
1175
1175
1175
1175
1175
1175
1175
1175
1175
1175
1175
1175
1175
1175
1175
1175
1175
1175
1175
1175
1175
1175
1175
1175
1175
1175
1175
1175
1175
1175
1175
1175
1175
1175
1175
1175
1175
1175
1175
1175
1175
1175
1175
1175
1175
1175
1175
1175
1175
1175
1175
1175
1175
1175
1175
1175
1175
1175
1175
1175
1175
1175
1175
1175
1175
1175
1175
1175
1175
1175
1175
1175
1175
1175
1175
1175
1175
1175
1175
1175
1175
1175
1175
1175
1175
1175
1175
1175
1175
1175
1175
1175
1175
1175
1175
1175
1175
1175
1175
1175
1175
1175
1176
1176
1176
1176
1176
1176
1176
1176
1176
1176
1176
1176
1176
1176
1176
1176
1176
1176
1176
1176
1176
1176
1176
1176
1176
1176
1176
1176
1176
1176
1176
1176
1176
1176
1176
1176
1176
1176
1176
1176
1176
1176
1176
1176
1176
1176
1176
1176
1176
1176
1176
1176
1176
1176
1176
1176
1176
1176
1176
1176
1176
1176
1176
1176
1176
1176
1176
1176
1176
1176
1176
1176
1176
1176
1176
1176
1176
1176
1176
1176
1176
1176
1176
1176
1176
1176
1176
1176
1176
1176
1176
1176
1176
1176
1176
1176
1176
1176
1176
1176
1176
1176
1176
1176
1176
1176
1176
1176
1176
1176
1176
1176
1176
1176
1176
1176
1176
1176
1176
1176
1176
1176
1176
1176
1176
1176
1176
1176
1176
1176
1176
1176
1176
1176
1176
1176
1176
1176
1176
1176
1176
1176
1176
1176
1176
1176
1176
1176
1176
1176
1176
1176
1176
1176
1176
1176
1176
1176
1176
1176
1176
1176
1176
1176
1176
1176
1176
1176
1176
1176
1176
1176
1176
1176
1176
1176
1176
1176
1176
1176
1176
1176
1176
1176
1176
1176
1176
1176
1176
1176
1176
1176
1176
1176
1176
1176
1176
1176
1176
1176
1176
1176
1176
1176
1176
1176
1176
1176
1176
1176
1176
1176
1176
1176
1176
1176
1176
1176
1176
1176
1176
1176
1176
1176
1176
1176
1176
1176
1176
1176
1176
1176
1176
1176
1176
1176
1176
1176
1176
1176
1176
1176
1176
1176
1176
1176
1176
1176
1176
1176
1176
1176
1176
1176
1176
1176
1176
1176
1176
1176
1176
1176
1176
1176
1176
1176
1176
1176
1176
1176
1176
1176
1176
1176
1176
1176
1176
1176
1176
1176
1176
1176
1176
1176
1176
1176
1176
1176
1176
1176
1176
1176
1176
1176
1176
1176
1176
1176
1176
1176
1176
1176
1176
1176
1176
1176
1176
1176
1176
1176
1176
1176
1176
1176
1176
1176
1176
1176
1176
1176
1176
1176
1176
1176
1176
1176
1176
1176
1176
1176
1176
1176
1176
1176
1176
1176
1176
1176
1176
1176
1176
1176
1176
1176
1176
1176
1176
1176
1176
1176
1176
1176
1176
1176
1176
1176
1176
1176
1176
1176
1176
1176
1176
1176
1176
1176
1176
1176
1176
1176
1176
1176
1176
1176
1176
1176
1176
1176
1176
1176
1176
1176
1176
1176
1176
1176
1176
1176
1176
1176
1176
1176
1176
1176
1176
1176
1176
1176
1176
1176
1176
1176
1176
1176
1176
1176
1176
1176
1176
1176
1176
1176
1176
1176
1176
1176
1176
1176
1176
1176
1176
1176
1176
1176
1176
1176
1176
1176
1176
1176
1176
1176
1176
1176
1176
1176
1176
1176
1176
1176
1176
1176
1176
1176
1176
1176
1176
1176
1176
1176
1176
1176
1176
1176
1176
1176
1176
1176
1176
1176
1176
1176
1176
1176
1176
1176
1176
1176
1176
1176
1176
1176
1176
1176
1176
1176
1176
1176
1176
1176
1176
1176
1176
1176
1176
1176
1176
1176
1176
1176
1176
1176
1176
1176
1176
1176
1176
1176
1176
1176
1176
1176
1176
1176
1176
1176
1176
1176
1176
1176
1176
1176
1176
1176
1176
1176
1176
1176
1176
1176
1176
1176
1176
1176
1176
1176
1176
1176
1176
1176
1176
1176
1176
1176
1176
1176
1176
1176
1176
1177
1177
1177
1177
1177
1177
1177
1177
1177
1177
1177
1177
1177
1177
1177
1177
1177
1177
1177
1177
1177
1177
1177
1177
1177
1177
1177
1177
1177
1177
1177
1177
1177
1177
1177
1177
1177
1177
1177
1177
1177
1177
1177
1177
1177
1177
1177
1177
1177
1177
1177
1177
1177
1177
1177
1177
1177
1177
1177
1177
1177
1177
1177
1177
1177
1177
1177
1177
1177
1177
1177
1177
1177
1177
1177
1177
1177
1177
1177
1177
1177
1177
1177
1177
1177
1177
1177
1177
1177
1177
1177
1177
1177
1177
1177
1177
1177
1177
1177
1177
1177
1177
1177
1177
1178
1178
1178
1178
1178
1178
1178
1178
1178
1178
1178
1178
1178
1178
1178
1178
1178
1178
1178
1178
1178
1178
1178
1178
1178
1178
1178
1178
1178
1178
1178
1178
1178
1178
1178
1178
1178
1178
1178
1178
1178
1178
1179
1179
1179
118
118
118
118
118
118
118
118
118
118
118
118
118
118
1180
1180
1180
1181
1181
1181
1182
1182
1182
1182
1182
1182
1182
1182
1183
1183
1183
1183
1183
1183
1183
1183
1183
1183
1183
1183
1183
1183
1183
1183
1183
1184
1184
1184
1184
1184
1184
1184
1184
1184
1184
1184
1184
1184
1184
1184
1184
1184
1184
1184
1184
1184
1184
1184
1184
1184
1184
1184
1184
1184
1184
1184
1184
1184
1184
1184
1184
1184
1184
1184
1184
1184
1184
1184
1184
1184
1184
1184
1184
1184
1184
1184
1184
1184
1184
1184
1184
1184
1184
1184
1184
1184
1184
1184
1184
1184
1184
1184
1184
1184
1184
1184
1184
1184
1184
1184
1184
1184
1184
1184
1184
1184
1185
1185
1185
1185
1185
1185
1185
1185
1185
1185
1185
1185
1185
1185
1185
1185
1185
1185
1185
1185
1185
1185
1185
1185
1186
1186
1186
1186
1186
1186
1186
1187
1187
1188
1188
1188
1188
1188
1188
1188
1188
1188
1188
1188
1188
1188
1189
1189
1189
119
119
119
119
119
119
119
119
119
119
119
119
119
119
119
119
119
119
119
1190
1190
1191
1191
1191
1191
1191
1191
1191
1191
1191
1192
1192
1192
1193
1193
1193
1193
1193
1193
1193
1193
1193
1193
1193
1193
1193
1193
1193
1193
1193
1193
1193
1193
1193
1193
1193
1193
1193
1193
1193
1193
1193
1193
1193
1193
1193
1193
1193
1194
1194
1194
1194
1194
1194
1194
1194
1194
1194
1194
1194
1194
1194
1194
1194
1194
1194
1194
1194
1194
1194
1195
1195
1195
1195
1196
1196
1196
1196
1196
1197
1198
1198
1198
1198
1198
1198
1198
1198
1198
1198
1199
1199
1199
1199
1199
1199
120
120
120
1200
1200
1200
1200
1200
1201
1201
1201
1201
1201
1201
1201
1201
1201
1201
1201
1201
1201
1201
1201
1201
1201
1202
1202
1202
1203
1203
1203
1203
1203
1204
1204
1204
1204
1204
1204
1204
1204
1204
1204
1204
1204
1204
1204
1204
1204
1204
1204
1204
1204
1204
1204
1204
1204
1204
1204
1204
1204
1204
1204
1204
1204
1204
1204
1204
1204
1204
1204
1204
1204
1204
1204
1204
1204
1204
1204
1204
1204
1204
1204
1204
1204
1204
1204
1204
1204
1204
1204
1204
1204
1204
1204
1204
1204
1204
1204
1204
1204
1204
1204
1204
1204
1204
1204
1204
1204
1204
1204
1204
1204
1204
1204
1205
1205
1206
1206
1206
1206
1206
1206
1206
1206
1206
1206
1206
1206
1206
1206
1206
1208
1208
1209
1209
1209
121
1210
1210
1210
1210
1210
1210
1210
1210
1210
1210
1210
1210
1210
1210
1210
1210
1210
1210
1210
1210
1210
1210
1210
1210
1210
1210
1210
1210
1210
1211
1211
1211
1211
1211
1211
1211
1212
1212
1212
1212
1212
1212
1213
1213
1213
1213
1213
1213
1213
1213
1213
1213
1213
1213
1213
1213
1213
1213
1214
1214
1214
1214
1214
1215
1216
1217
1217
1218
1218
1218
1218
1218
1218
1219
1219
1219
1219
1219
1219
1219
1219
1219
1220
1220
1220
1220
1220
1220
1221
1221
1221
1221
1222
1222
1222
1222
1222
1222
1222
1223
1223
1223
1223
1223
1223
1223
1223
1223
1223
1223
1223
1223
1223
1224
1224
1224
1224
1224
1224
1224
1224
1224
1224
1224
1224
1224
1224
1225
1225
1225
1225
1226
1226
1226
1226
1226
1226
1226
1226
1226
1227
1227
1227
1227
1227
1227
1227
1227
1227
1227
1227
1227
1227
1227
1227
1227
1227
1227
1227
1227
1227
1227
1227
1227
1227
1227
1227
1227
1227
1227
1227
1227
1227
1227
1227
1227
1227
1227
1228
1228
1228
1228
1228
1228
1228
1228
1228
1228
1228
1228
1228
1228
1229
1229
1229
1229
1229
1229
123
123
123
123
1230
1230
1230
1231
1231
1232
1232
1232
1232
1232
1232
1232
1232
1232
1232
1232
1232
1232
1232
1232
1232
1232
1232
1232
1233
1235
1235
1236
1236
1236
1236
1236
1236
1236
1236
1236
1236
1236
1236
1236
1236
1237
1237
1238
1239
1239
1239
1239
1239
124
124
1240
1240
1240
1240
1240
1240
1240
1240
1240
1240
1240
1240
1241
1241
1241
1241
1241
1242
1242
1242
1242
1242
1242
1243
1243
1243
1243
1243
1243
1243
1243
1243
1243
1243
1243
1243
1243
1243
1243
1243
1243
1243
1243
1243
1243
1243
1244
1244
1244
1244
1244
1245
1245
1245
1245
1246
1246
1246
1246
1246
1246
1246
1247
1247
1247
1247
1247
1247
1247
1247
1247
1247
1247
1247
1247
1247
1247
1248
1248
1248
1248
1248
1248
1248
1248
1248
1248
1248
1248
1248
1248
1248
1248
1248
1248
1248
1248
1248
1248
1248
1248
1248
1248
1248
1248
1248
1248
1248
1248
1248
1248
1248
1248
1248
1248
1248
1248
1248
1248
1248
1248
1248
1248
1248
1248
1248
1248
1248
1248
1248
1248
1248
1249
1249
1249
1249
1249
1249
1249
1249
1249
1249
1249
1249
1249
1249
1249
1249
1249
1249
1249
1249
1249
1249
1249
1249
1249
1249
1249
1249
1249
1249
1249
1249
1249
1249
1249
1249
1249
1249
1249
1249
1249
1249
1249
1249
1249
1249
1249
1249
1249
1249
1249
1249
1249
1249
1249
1249
1249
1249
1249
1249
1249
1249
1249
1249
1249
1249
1249
1249
1249
1249
1249
1249
1249
1249
1249
1249
1249
1249
1249
1249
1249
1249
1249
1249
1249
1249
1249
1249
1249
1249
1249
1249
1249
1249
1249
1249
1249
1249
1249
1249
1249
1249
1249
1249
1249
1249
1249
1249
1249
1249
1249
1249
1249
1249
1249
1249
1249
1249
1249
1249
1249
1249
1249
1249
1249
1249
1249
1249
1249
1249
1249
1249
1249
1249
1249
1249
1249
1249
1249
1249
1249
1249
1249
1249
1249
1249
1249
1249
1249
1249
1249
1249
1249
1249
1249
1249
1249
1249
1249
1249
1249
1249
1249
125
1250
1250
1250
1250
1250
1250
1250
1250
1250
1250
1250
1250
1250
1250
1250
1250
1250
1250
1250
1250
1250
1250
1250
1250
1250
1250
1250
1250
1250
1250
1250
1250
1250
1250
1250
1250
1250
1250
1250
1250
1250
1250
1250
1250
1250
1250
1250
1250
1250
1250
1250
1250
1250
1250
1250
1250
1250
1250
1250
1250
1250
1250
1250
1250
1250
1250
1250
1250
1250
1250
1250
1250
1250
1250
1250
1250
1250
1250
1250
1250
1250
1250
1250
1250
1250
1250
1250
1250
1250
1250
1250
1251
1251
1251
1251
1251
1251
1251
1251
1251
1252
1252
1252
1252
1252
1252
1252
1252
1252
1252
1252
1252
1252
1252
1252
1252
1252
1252
1252
1252
1252
1252
1252
1252
1252
1252
1252
1252
1252
1252
1252
1252
1252
1252
1252
1252
1252
1252
1252
1252
1252
1252
1252
1252
1252
1252
1252
1252
1252
1252
1252
1252
1252
1252
1252
1252
1252
1252
1252
1252
1252
1252
1252
1252
1252
1252
1252
1252
1252
1252
1252
1252
1252
1252
1252
1252
1252
1252
1252
1252
1252
1252
1252
1252
1252
1252
1252
1252
1252
1252
1252
1252
1252
1252
1252
1252
1252
1252
1252
1252
1252
1252
1252
1252
1252
1252
1252
1252
1252
1252
1252
1252
1252
1252
1252
1252
1252
1252
1252
1253
1253
1253
1253
1253
1253
1253
1253
1253
1253
1253
1253
1253
1253
1253
1253
1253
1253
1253
1253
1253
1253
1253
1253
1253
1253
1253
1253
1253
1253
1253
1253
1253
1253
1253
1253
1253
1253
1253
1253
1253
1253
1253
1253
1253
1253
1253
1253
1253
1253
1253
1253
1253
1253
1253
1253
1253
1253
1253
1253
1253
1253
1253
1253
1253
1253
1253
1253
1253
1253
1253
1253
1253
1253
1253
1253
1253
1253
1253
1253
1253
1253
1253
1253
1253
1253
1253
1253
1253
1253
1253
1253
1253
1253
1253
1253
1253
1253
1253
1253
1253
1253
1253
1253
1253
1253
1253
1253
1253
1253
1253
1253
1253
1253
1253
1253
1253
1253
1253
1253
1253
1253
1253
1253
1253
1253
1253
1253
1253
1253
1253
1253
1253
1253
1253
1253
1253
1253
1253
1253
1253
1253
1253
1253
1253
1253
1253
1253
1253
1253
1253
1253
1253
1253
1253
1253
1253
1253
1253
1253
1253
1253
1253
1253
1253
1253
1253
1253
1253
1253
1253
1253
1253
1253
1253
1253
1253
1253
1253
1253
1253
1253
1253
1253
1253
1253
1253
1253
1253
1253
1253
1253
1253
1253
1253
1253
1253
1253
1253
1253
1253
1253
1253
1253
1253
1253
1253
1253
1253
1253
1253
1253
1253
1253
1253
1253
1253
1253
1253
1253
1253
1253
1253
1253
1253
1253
1253
1253
1253
1253
1253
1253
1253
1253
1253
1253
1253
1253
1253
1253
1253
1253
1253
1253
1253
1253
1253
1253
1253
1253
1253
1253
1253
1253
1253
1253
1253
1253
1253
1253
1253
1253
1253
1253
1253
1253
1253
1253
1253
1253
1253
1253
1253
1253
1253
1253
1253
1253
1253
1253
1253
1253
1253
1253
1253
1253
1253
1253
1253
1253
1253
1253
1253
1253
1253
1253
1253
1253
1253
1253
1253
1253
1253
1253
1253
1253
1253
1253
1253
1253
1253
1253
1253
1253
1254
1254
1254
1254
1254
1254
1254
1254
1254
1254
1254
1254
1254
1254
1254
1254
1254
1254
1254
1254
1254
1254
1254
1254
1254
1254
1254
1254
1254
1254
1254
1254
1254
1254
1254
1254
1254
1254
1254
1254
1254
1254
1254
1254
1254
1254
1254
1254
1254
1254
1254
1254
1254
1254
1254
1254
1254
1254
1254
1254
1254
1254
1254
1254
1254
1254
1254
1254
1254
1254
1254
1254
1254
1254
1254
1254
1254
1254
1254
1254
1254
1254
1254
1254
1254
1254
1254
1254
1254
1254
1254
1254
1254
1254
1254
1254
1254
1254
1254
1254
1254
1254
1254
1254
1254
1254
1254
1254
1254
1254
1254
1254
1254
1254
1254
1254
1254
1254
1254
1254
1254
1254
1254
1254
1254
1254
1254
1254
1254
1254
1254
1254
1254
1254
1254
1254
1254
1254
1254
1254
1254
1254
1254
1254
1254
1254
1254
1254
1254
1254
1254
1254
1254
1254
1254
1254
1254
1254
1254
1254
1254
1254
1254
1254
1254
1254
1254
1254
1254
1254
1254
1254
1254
1254
1254
1254
1254
1254
1254
1254
1254
1254
1254
1254
1254
1254
1254
1254
1254
1254
1254
1254
1254
1254
1254
1254
1254
1254
1254
1255
1255
1255
1255
1255
1255
1255
1255
1255
1255
1255
1255
1255
1255
1255
1255
1255
1255
1255
1255
1255
1255
1255
1255
1255
1255
1255
1255
1255
1255
1255
1255
1255
1255
1255
1255
1255
1255
1255
1255
1255
1255
1255
1255
1255
1255
1255
1255
1255
1255
1255
1255
1255
1255
1255
1255
1255
1255
1255
1255
1255
1255
1255
1255
1255
1255
1255
1255
1255
1255
1255
1255
1255
1255
1255
1255
1255
1255
1255
1255
1255
1255
1255
1255
1255
1255
1255
1255
1255
1255
1255
1255
1255
1255
1255
1255
1255
1255
1255
1255
1255
1255
1255
1255
1255
1255
1255
1255
1255
1255
1255
1255
1255
1255
1255
1255
1255
1255
1255
1255
1255
1255
1255
1255
1255
1255
1255
1255
1255
1255
1255
1255
1255
1255
1255
1255
1255
1255
1255
1255
1255
1255
1255
1255
1255
1255
1255
1255
1255
1255
1255
1255
1255
1255
1255
1255
1255
1255
1255
1255
1255
1255
1255
1255
1255
1255
1255
1255
1255
1255
1255
1255
1255
1255
1255
1255
1255
1255
1255
1255
1255
1255
1255
1255
1255
1255
1255
1255
1255
1255
1255
1255
1255
1255
1255
1255
1255
1255
1255
1255
1255
1255
1255
1255
1255
1255
1255
1255
1255
1255
1255
1255
1255
1255
1255
1255
1255
1255
1255
1255
1255
1255
1255
1255
1255
1255
1255
1255
1255
1255
1255
1255
1255
1255
1255
1255
1255
1255
1255
1255
1255
1255
1255
1255
1255
1255
1255
1255
1255
1255
1255
1255
1255
1255
1255
1255
1255
1255
1255
1255
1255
1255
1255
1255
1255
1255
1255
1255
1255
1255
1255
1255
1255
1255
1255
1255
1255
1255
1255
1255
1255
1255
1255
1255
1255
1255
1255
1255
1255
1255
1255
1255
1255
1255
1255
1255
1255
1255
1255
1255
1255
1255
1255
1255
1255
1255
1255
1255
1255
1255
1255
1255
1255
1255
1255
1255
1255
1255
1255
1255
1255
1255
1255
1255
1255
1255
1255
1255
1255
1255
1255
1255
1255
1255
1255
1255
1255
1255
1255
1255
1255
1255
1255
1255
1255
1255
1255
1255
1255
1255
1255
1255
1255
1255
1255
1255
1255
1255
1255
1255
1255
1255
1255
1255
1255
1255
1255
1255
1255
1255
1255
1255
1255
1255
1255
1255
1255
1255
1255
1255
1255
1255
1255
1255
1255
1255
1255
1255
1255
1255
1255
1255
1255
1255
1255
1255
1255
1255
1255
1255
1255
1255
1255
1255
1255
1255
1255
1255
1255
1255
1255
1255
1255
1255
1255
1255
1255
1255
1255
1255
1255
1255
1255
1255
1255
1255
1255
1255
1255
1255
1255
1255
1255
1255
1255
1255
1255
1255
1255
1255
1255
1255
1255
1255
1255
1255
1255
1255
1255
1255
1255
1255
1255
1255
1255
1255
1255
1255
1255
1255
1255
1255
1255
1255
1255
1255
1255
1255
1255
1255
1255
1255
1255
1255
1255
1255
1255
1255
1255
1255
1255
1255
1255
1255
1255
1255
1255
1255
1255
1255
1255
1255
1255
1255
1255
1255
1255
1255
1255
1255
1255
1255
1255
1255
1255
1255
1255
1255
1255
1255
1255
1255
1255
1255
1255
1255
1255
1255
1255
1255
1255
1255
1255
1255
1255
1255
1255
1255
1255
1255
1255
1255
1255
1255
1255
1255
1255
1255
1255
1255
1255
1255
1255
1255
1255
1255
1255
1255
1255
1255
1255
1255
1255
1255
1255
1255
1255
1255
1255
1255
1255
1255
1255
1255
1255
1255
1255
1255
1255
1255
1255
1255
1255
1255
1255
1255
1255
1255
1255
1255
1255
1255
1255
1255
1255
1255
1255
1255
1255
1255
1255
1255
1255
1255
1255
1255
1255
1255
1255
1255
1255
1255
1255
1255
1255
1255
1255
1255
1255
1255
1255
1255
1255
1255
1255
1255
1255
1255
1255
1255
1255
1255
1255
1255
1255
1255
1255
1255
1255
1255
1255
1255
1255
1255
1255
1255
1255
1255
1255
1255
1255
1255
1255
1255
1255
1255
1255
1255
1255
1255
1255
1255
1255
1255
1255
1255
1255
1255
1255
1255
1255
1255
1255
1255
1255
1255
1255
1255
1255
1255
1255
1255
1255
1255
1255
1255
1255
1255
1255
1255
1255
1255
1255
1255
1255
1255
1255
1255
1255
1255
1255
1255
1255
1255
1255
1255
1255
1255
1255
1255
1255
1255
1255
1255
1255
1255
1255
1255
1255
1255
1255
1255
1255
1255
1255
1255
1255
1255
1255
1255
1255
1255
1255
1255
1255
1255
1255
1255
1255
1255
1255
1255
1255
1255
1255
1255
1255
1255
1255
1255
1255
1255
1255
1255
1255
1255
1255
1255
1255
1255
1255
1255
1255
1255
1255
1255
1255
1255
1255
1255
1255
1255
1255
1255
1255
1255
1255
1255
1255
1255
1255
1255
1255
1255
1255
1255
1255
1255
1255
1255
1255
1255
1255
1255
1255
1255
1255
1255
1255
1255
1255
1255
1255
1255
1255
1255
1255
1255
1255
1255
1255
1255
1255
1255
1255
1255
1255
1255
1255
1255
1255
1255
1255
1255
1255
1255
1255
1255
1255
1255
1255
1255
1255
1255
1255
1255
1255
1255
1255
1255
1255
1255
1255
1255
1255
1255
1255
1255
1255
1255
1255
1255
1255
1255
1255
1255
1255
1255
1255
1255
1255
1255
1255
1255
1255
1255
1255
1255
1255
1255
1255
1255
1255
1255
1255
1255
1255
1255
1255
1255
1255
1255
1255
1255
1255
1255
1255
1255
1255
1255
1255
1255
1255
1255
1255
1255
1255
1255
1255
1255
1255
1255
1255
1255
1255
1255
1255
1255
1255
1255
1255
1255
1255
1255
1255
1255
1255
1255
1255
1255
1255
1255
1255
1255
1255
1255
1255
1255
1255
1255
1255
1255
1255
1255
1255
1255
1255
1255
1255
1255
1255
1255
1255
1255
1255
1255
1255
1255
1255
1255
1255
1255
1255
1255
1255
1255
1255
1255
1255
1255
1255
1255
1255
1255
1255
1255
1255
1255
1255
1255
1255
1255
1255
1255
1255
1255
1255
1255
1255
1255
1255
1255
1255
1255
1255
1255
1255
1255
1255
1255
1255
1255
1255
1255
1255
1255
1255
1255
1255
1255
1255
1255
1255
1255
1255
1255
1255
1255
1255
1255
1255
1255
1255
1255
1255
1255
1255
1255
1255
1255
1255
1255
1255
1255
1255
1255
1255
1255
1255
1255
1255
1255
1255
1255
1255
1255
1255
1255
1255
1255
1255
1255
1255
1255
1255
1255
1255
1255
1255
1255
1255
1255
1255
1255
1255
1255
1255
1255
1255
1255
1255
1255
1255
1255
1255
1255
1255
1255
1255
1255
1255
1255
1255
1255
1255
1255
1255
1255
1255
1255
1255
1255
1255
1255
1255
1255
1255
1255
1255
1255
1255
1255
1255
1255
1255
1255
1255
1255
1255
1255
1255
1255
1255
1255
1255
1255
1255
1255
1255
1255
1255
1255
1255
1255
1255
1255
1255
1255
1255
1255
1255
1255
1255
1255
1255
1255
1255
1255
1255
1255
1255
1255
1255
1255
1255
1255
1255
1255
1255
1255
1255
1255
1255
1255
1255
1255
1255
1255
1255
1255
1255
1255
1255
1255
1255
1255
1255
1255
1255
1255
1255
1255
1255
1255
1255
1255
1255
1255
1255
1255
1255
1255
1255
1255
1255
1255
1255
1255
1255
1255
1255
1255
1255
1255
1255
1255
1255
1255
1255
1255
1255
1255
1255
1255
1255
1255
1255
1255
1255
1255
1255
1255
1255
1255
1255
1255
1255
1255
1255
1255
1255
1255
1255
1255
1255
1255
1255
1255
1255
1255
1255
1255
1255
1255
1255
1255
1255
1255
1255
1255
1255
1255
1255
1255
1255
1255
1255
1255
1255
1255
1255
1255
1255
1255
1255
1255
1255
1255
1255
1255
1255
1255
1255
1255
1255
1255
1255
1255
1255
1255
1255
1255
1255
1255
1255
1255
1255
1255
1255
1255
1255
1255
1255
1255
1255
1255
1255
1255
1255
1255
1255
1255
1255
1255
1255
1255
1255
1255
1255
1255
1255
1255
1255
1255
1255
1255
1255
1255
1255
1255
1255
1255
1255
1255
1255
1255
1255
1255
1255
1255
1255
1255
1255
1255
1255
1255
1255
1255
1255
1255
1255
1255
1255
1255
1255
1255
1255
1255
1255
1255
1255
1255
1255
1255
1255
1255
1255
1255
1255
126
126
126
126
127
1277
1277
1277
1277
1277
1277
1277
1279
128
128
1280
129
129
131
131
132
133
133
134
134
135
136
136
136
136
137
137
137
138
139
140
144
145
145
145
146
146
146
146
146
146
146
146
146
146
146
146
146
146
146
146
147
147
147
148
148
148
151
151
151
152
152
152
152
152
152
152
152
152
152
152
152
152
152
152
152
152
152
152
152
152
152
152
153
153
153
153
153
153
154
155
155
155
156
156
156
156
156
157
157
157
157
159
160
160
160
160
160
160
160
160
160
162
162
162
162
163
163
164
164
164
164
164
165
165
166
170
171
171
171
171
172
172
172
172
172
173
173
173
174
174
174
175
175
176
177
177
177
177
177
177
177
178
178
178
178
178
178
178
178
178
178
178
178
178
178
178
178
178
178
178
178
179
179
179
179
179
179
180
180
180
180
180
180
180
180
180
180
180
180
181
181
182
184
184
184
184
184
184
184
184
184
184
184
184
184
184
184
184
184
184
184
184
184
184
184
184
184
184
184
184
184
184
184
184
184
184
185
186
187
187
188
188
188
188
188
188
188
188
188
188
188
188
188
189
189
189
189
189
189
189
189
189
189
189
189
189
189
189
189
190
190
191
192
193
193
193
193
193
193
193
194
194
194
194
194
194
194
194
194
194
194
194
195
195
195
196
196
196
196
196
196
196
196
196
196
196
196
196
196
196
196
196
196
196
196
196
196
196
196
196
196
196
196
196
197
197
197
197
197
197
198
199
200
200
200
200
201
201
201
202
202
205
206
212
213
214
214
214
215
216
216
216
216
216
218
218
218
218
218
218
218
218
219
219
220
220
221
221
221
223
223
223
224
224
224
224
224
224
224
224
224
225
225
225
225
226
226
226
226
227
227
228
228
228
228
228
229
230
230
231
231
231
231
231
231
231
231
231
232
232
232
232
232
232
232
232
232
232
232
232
232
232
232
232
232
232
233
233
233
233
233
233
233
233
233
233
233
233
233
233
233
233
233
233
234
234
235
235
238
238
239
239
239
239
239
239
239
239
239
239
239
239
239
239
239
239
239
239
239
240
241
241
241
243
243
244
246
247
249
249
250
252
252
252
252
252
252
252
253
257
257
257
257
258
259
259
259
26
260
260
260
260
260
261
261
261
263
264
265
267
273
284
286
289
289
289
289
289
289
289
289
289
289
289
291
291
291
292
292
294
294
295
30
30
30
30
30
30
30
30
30
30
30
30
303
303
304
304
304
304
304
304
31
31
31
31
31
31
31
31
31
31
31
31
31
31
31
31
31
31
31
31
31
31
31
31
31
31
31
31
31
31
31
31
31
31
31
31
31
31
31
31
31
31
31
31
31
31
31
31
31
31
31
31
31
31
31
31
31
31
31
31
31
31
31
31
31
31
31
31
31
31
31
31
31
31
31
31
31
31
31
31
31
31
31
31
31
31
31
31
31
31
31
31
31
31
31
31
31
31
31
31
31
31
31
31
31
31
31
31
31
31
31
31
31
31
31
31
31
31
31
31
31
31
31
31
31
31
31
31
31
31
31
31
31
31
31
31
31
31
31
31
31
31
31
31
31
31
31
31
31
31
31
31
31
31
31
31
31
31
31
31
31
31
31
31
31
31
31
31
31
31
31
31
31
31
31
31
31
31
31
31
31
31
31
31
31
31
31
31
31
31
313
32
32
32
32
32
32
32
32
32
32
32
32
32
32
32
32
32
32
32
32
32
32
32
32
32
32
32
32
32
32
32
32
32
32
32
32
32
32
32
32
32
32
32
32
32
32
32
32
32
32
32
32
32
32
32
32
32
32
32
32
32
32
32
32
32
32
32
32
32
32
32
32
32
32
32
32
32
32
32
32
32
32
32
32
32
32
32
32
32
32
32
32
32
32
32
32
32
32
32
32
32
32
32
32
32
32
32
32
32
32
32
32
32
32
32
32
32
32
32
32
32
32
32
32
32
32
32
32
32
32
32
32
32
32
32
32
32
32
32
32
32
32
32
32
32
32
32
32
32
32
32
32
32
32
32
32
32
32
32
32
32
32
32
32
32
32
32
32
32
32
32
32
32
32
32
32
32
32
32
32
32
32
32
32
32
32
32
32
32
32
32
32
32
32
32
320
320
320
321
322
323
323
324
328
328
329
329
329
329
329
329
329
329
329
33
33
33
33
33
33
33
33
33
33
33
33
33
33
33
33
33
33
33
33
33
33
33
33
33
33
33
33
33
33
33
33
33
33
33
33
33
33
33
33
33
33
33
33
33
33
33
33
33
33
33
33
33
33
33
33
33
33
33
33
33
33
33
33
33
33
33
33
33
33
33
33
33
33
33
33
33
33
330
330
330
330
330
331
332
332
332
333
333
333
333
333
333
333
334
336
336
336
336
336
336
336
336
336
336
336
336
336
336
336
337
337
337
337
337
337
339
34
34
34
34
34
34
34
34
34
34
34
34
34
34
34
34
34
34
34
34
34
34
34
34
34
34
34
34
34
34
34
34
34
34
34
34
34
34
34
34
34
34
34
34
34
34
34
34
340
341
342
342
342
342
343
345
35
35
35
35
35
35
35
35
35
35
35
35
35
35
35
35
35
35
35
35
35
35
35
35
35
35
35
35
35
35
35
35
35
35
352
352
352
353
356
356
357
36
36
36
36
36
36
36
36
36
36
36
36
36
36
36
36
36
36
36
36
36
36
36
36
36
36
36
36
36
36
36
36
36
36
36
360
361
361
361
361
366
370
371
371
371
372
374
374
375
376
38
38
38
38
38
38
38
38
38
38
38
38
38
38
38
38
38
38
38
38
38
38
38
38
38
38
38
382
382
388
389
39
39
39
39
39
39
39
39
39
39
39
39
39
39
39
39
39
39
39
39
39
39
39
390
390
392
393
393
393
393
393
396
396
396
397
40
40
40
40
40
40
40
40
40
40
40
40
40
40
40
40
40
40
40
40
408
408
408
409
41
41
41
41
41
41
41
41
41
41
41
413
413
413
413
414
417
42
42
42
42
42
42
42
420
422
422
43
43
43
43
43
43
43
43
43
43
43
43
43
43
43
43
43
43
43
43
43
43
43
43
43
43
43
43
43
43
43
43
43
43
43
43
43
43
43
43
43
43
43
43
43
43
43
43
43
43
43
43
43
43
43
43
43
43
43
43
43
43
43
43
43
43
43
43
43
43
43
43
43
43
43
43
43
43
43
43
43
43
43
43
43
43
43
43
43
43
43
43
43
43
43
43
43
43
43
43
432
434
434
435
435
438
438
438
438
438
438
438
438
438
438
438
44
44
44
44
44
44
44
44
44
44
44
44
44
44
44
44
44
44
44
44
44
44
44
44
44
44
44
44
44
44
44
44
44
44
44
44
44
44
44
44
44
44
44
44
44
44
44
44
44
44
44
44
44
44
44
44
44
44
44
44
44
44
44
44
44
44
44
44
44
44
44
44
44
44
44
44
44
44
44
44
44
44
44
44
44
44
44
44
44
44
44
44
44
44
44
44
44
44
44
44
44
44
444
447
448
45
45
45
45
45
45
45
45
45
45
45
45
45
45
45
45
45
45
45
45
45
45
45
45
45
45
45
45
45
45
45
45
45
45
452
453
453
453
453
454
454
454
454
455
455
457
46
46
46
46
46
46
46
46
46
46
46
46
46
46
46
46
46
46
46
46
46
46
46
46
46
46
46
46
46
46
46
46
46
46
46
46
46
46
46
46
46
46
46
46
46
46
46
46
46
46
46
46
46
46
46
46
47
47
47
47
47
47
47
47
471
471
472
472
472
472
473
473
473
473
473
473
473
473
473
473
473
473
473
473
473
476
48
48
48
48
48
48
48
48
48
48
48
48
484
484
484
484
487
488
488
488
488
488
488
49
49
49
49
49
49
49
49
49
495
496
496
496
496
496
496
496
496
497
497
50
502
502
502
503
504
504
504
504
504
504
504
504
504
504
504
504
504
504
504
504
505
505
505
505
51
51
51
51
51
511
512
512
512
512
512
512
513
513
513
513
513
513
513
513
513
513
513
513
513
513
513
516
516
516
52
52
52
52
521
524
524
524
524
524
524
525
525
526
53
53
53
53
53
53
53
53
53
53
53
535
535
535
535
535
535
535
535
535
535
535
535
535
535
536
536
536
536
536
536
536
536
536
536
536
536
536
536
536
536
536
536
536
536
536
536
536
536
536
536
536
536
536
536
536
536
536
536
536
536
536
536
536
536
536
536
536
536
537
537
537
537
537
537
537
537
537
537
537
537
537
537
537
537
537
537
537
537
537
537
537
537
54
54
54
54
540
543
543
543
543
543
543
543
544
544
544
544
544
544
544
544
544
544
544
544
544
544
544
544
544
544
544
544
544
544
544
545
545
545
545
545
545
545
545
545
545
545
545
545
545
545
545
545
545
545
545
545
546
546
546
546
547
548
548
548
549
55
55
55
55
55
55
55
55
55
55
55
55
55
55
550
550
551
559
56
56
56
56
56
56
56
56
56
56
56
56
56
56
56
56
56
56
56
56
56
56
56
56
56
56
56
56
560
560
560
560
560
560
562
563
564
567
567
567
567
567
567
567
567
567
567
567
567
567
567
567
567
567
568
569
57
57
57
57
57
57
57
57
57
572
572
573
574
579
58
58
58
58
58
58
58
58
58
58
58
58
58
58
58
58
58
58
58
58
58
58
58
58
58
58
58
58
58
58
58
58
58
58
58
58
58
58
58
58
58
58
58
58
58
58
580
580
582
582
583
585
59
59
59
595
599
599
599
599
599
599
599
599
599
599
599
599
599
599
6
6
6
6
6
6
6
6
6
6
6
6
6
6
6
6
6
6
6
6
6
6
6
6
6
6
6
6
6
6
6
6
6
6
6
6
6
6
6
6
6
6
6
6
6
6
6
6
6
6
6
6
6
6
6
6
6
6
6
6
6
6
6
6
6
6
6
6
6
6
6
6
6
6
6
6
6
6
6
6
6
6
6
6
6
6
6
6
6
6
6
6
6
6
6
6
6
6
6
6
6
6
6
6
6
6
6
6
6
6
6
6
6
6
6
6
6
6
6
6
6
6
6
6
6
6
6
6
6
6
6
6
6
6
6
6
6
6
6
6
6
6
6
6
6
6
6
6
6
6
6
6
6
6
6
6
6
6
6
6
6
6
6
6
6
6
6
6
6
6
6
6
6
6
6
6
6
6
6
6
6
6
6
6
6
6
6
6
6
6
6
6
6
6
6
6
6
6
6
6
6
6
6
6
6
6
6
6
6
6
6
6
6
6
6
6
6
6
6
6
6
6
6
6
6
6
6
6
6
6
6
6
6
6
6
6
6
6
6
6
6
6
6
6
6
6
6
6
6
6
6
6
6
6
6
6
6
6
6
6
6
6
6
6
6
6
6
6
6
6
6
6
6
6
6
6
6
6
6
6
6
6
6
6
6
6
6
6
6
6
6
6
6
6
6
6
6
6
6
6
6
6
6
6
6
6
6
6
6
6
6
6
6
6
6
6
6
6
6
6
6
6
6
6
6
6
6
6
6
6
6
6
6
6
6
6
6
6
6
6
6
6
6
6
6
6
6
6
6
6
6
6
6
6
6
6
6
6
6
6
6
6
6
6
6
6
6
6
6
6
6
6
6
6
6
6
6
6
6
6
6
6
6
6
6
6
6
6
6
6
6
6
6
6
6
6
6
6
6
6
6
6
6
6
6
6
6
6
6
6
6
6
6
6
6
6
6
6
6
6
6
6
6
6
6
6
6
6
6
6
6
6
6
6
6
6
6
6
6
6
6
6
6
6
6
6
6
6
6
6
6
6
6
6
6
6
6
6
6
6
6
6
6
6
6
6
6
6
6
6
6
6
6
6
6
6
6
6
6
6
6
6
6
6
6
6
6
6
6
6
6
6
6
6
6
6
6
6
6
6
6
6
6
6
60
60
60
60
600
600
600
600
601
601
601
601
601
601
601
601
601
601
601
601
601
601
601
601
601
601
603
603
603
606
607
609
609
609
610
610
611
616
616
616
616
617
62
620
623
623
624
624
624
624
624
624
624
624
624
624
624
624
624
625
625
625
625
625
625
628
63
63
63
63
634
634
635
635
635
636
636
636
637
637
637
637
64
641
641
643
644
644
644
644
644
644
644
644
644
644
644
644
644
644
644
644
644
644
644
645
645
645
645
645
647
647
648
648
648
648
648
649
65
65
65
650
650
651
651
651
652
653
655
656
656
656
656
656
656
656
657
657
657
658
66
66
66
660
660
660
660
660
660
660
661
661
661
661
661
661
661
663
666
67
67
67
67
67
671
673
673
673
673
673
673
674
674
674
674
674
674
674
675
676
676
676
676
676
676
676
676
676
676
676
676
676
676
676
676
676
676
676
676
676
676
676
676
676
676
676
676
676
676
676
676
676
676
676
676
676
676
676
676
676
676
676
676
676
676
676
676
676
676
676
676
676
676
676
676
676
676
676
676
676
676
676
676
676
676
676
676
676
676
676
676
676
676
676
676
677
677
677
677
677
677
677
677
677
677
677
677
677
677
677
677
677
677
677
677
677
677
677
677
677
677
677
677
677
677
677
677
677
677
677
677
677
677
677
677
677
677
677
677
677
677
677
677
677
677
677
677
677
677
677
677
677
677
677
677
677
677
677
677
677
677
677
677
677
677
677
677
677
677
677
677
677
677
677
677
677
677
677
677
677
677
677
677
677
677
677
677
677
677
677
677
677
677
677
677
677
677
677
677
677
677
677
677
677
677
677
677
677
677
677
677
677
677
677
677
678
678
678
678
678
678
678
678
678
678
678
678
678
678
678
679
68
68
68
68
68
68
68
684
684
684
684
684
685
686
687
69
69
69
69
69
69
69
69
69
69
69
69
69
69
69
69
69
69
69
69
69
69
69
69
69
69
69
69
69
69
69
69
69
69
69
69
69
69
69
69
69
69
69
69
69
69
691
694
695
696
697
697
697
697
697
697
697
701
702
707
708
709
71
710
710
710
710
710
710
710
710
710
710
710
710
710
710
710
710
710
710
711
711
711
711
711
711
711
711
713
714
715
719
72
72
721
721
721
722
722
723
725
725
725
725
725
725
725
725
725
725
726
726
726
726
726
726
726
726
726
726
726
726
726
726
726
726
726
726
726
726
726
726
726
726
726
726
726
726
726
726
726
726
727
727
727
727
727
727
727
727
727
727
727
727
727
729
729
729
729
73
73
73
730
732
733
734
735
735
735
735
735
736
737
737
737
737
737
737
737
737
737
737
737
737
737
737
737
737
737
737
738
738
738
738
738
738
739
739
739
739
739
739
739
739
739
739
74
740
741
743
744
744
746
746
748
748
749
749
749
749
749
749
749
75
75
750
750
750
756
756
756
756
758
759
760
760
760
760
764
766
77
775
780
781
789
789
79
790
790
790
791
793
795
795
796
796
796
797
797
797
797
797
797
797
797
797
797
797
798
798
798
798
800
801
801
801
801
801
801
801
801
801
801
801
801
801
802
804
809
809
809
809
81
810
810
810
810
810
810
810
810
810
810
810
810
810
810
810
812
812
812
812
812
812
812
812
812
812
812
812
812
812
812
812
812
812
812
812
812
812
812
812
812
813
813
813
813
813
813
813
813
813
813
813
813
813
813
813
813
813
813
813
813
813
813
813
813
813
813
813
813
813
813
813
813
813
813
813
813
813
813
813
813
813
813
813
813
813
813
813
813
813
813
813
813
813
813
813
813
813
813
813
813
813
813
813
813
813
813
813
813
813
813
814
814
814
814
814
814
814
814
814
814
814
814
814
814
814
814
815
815
815
815
815
815
815
815
815
815
815
815
815
815
815
815
815
815
815
815
815
815
816
816
816
817
817
817
818
820
820
820
820
820
821
822
825
825
826
828
828
828
828
83
83
830
830
833
834
834
836
837
837
837
837
838
838
838
839
839
839
839
840
840
841
841
841
841
841
841
841
841
841
841
841
841
841
841
841
841
842
842
842
843
843
843
848
85
85
85
851
854
854
854
854
854
854
854
854
854
854
854
854
854
854
855
855
856
856
856
856
856
857
86
86
860
860
860
860
860
864
865
865
868
869
869
87
87
870
870
872
872
872
874
874
875
876
876
878
878
878
879
879
879
879
879
88
88
884
884
885
885
885
885
886
886
886
886
886
887
887
887
887
887
888
888
889
889
889
889
889
889
889
89
89
89
89
89
89
89
89
89
89
89
89
891
892
892
895
895
896
896
896
896
896
896
896
896
896
896
897
897
897
897
897
897
897
897
897
897
898
898
898
898
898
898
898
898
898
898
898
898
899
899
899
899
899
90
90
902
902
902
903
903
904
904
904
905
905
905
905
907
91
91
91
91
91
91
91
91
912
912
913
913
913
913
913
913
913
913
913
913
913
913
913
913
913
913
913
913
913
913
913
913
913
913
913
913
913
913
913
913
913
913
913
913
913
913
913
913
914
914
914
915
915
915
915
915
915
916
916
916
916
916
916
916
916
916
917
917
917
92
92
92
92
92
92
921
921
923
924
928
93
930
931
931
931
931
931
931
931
931
931
931
931
931
931
931
931
931
931
931
931
931
931
931
932
932
932
932
932
932
932
932
932
932
932
932
932
932
932
932
932
932
932
932
932
932
932
933
933
933
933
933
935
937
937
94
940
941
941
941
941
942
943
943
944
944
945
946
946
946
947
947
947
947
947
948
948
948
948
949
950
950
950
951
951
951
952
952
952
952
952
953
953
953
953
953
953
953
953
953
954
954
954
954
954
954
954
954
954
954
955
958
958
959
959
959
96
962
962
962
962
962
963
963
963
963
964
964
964
966
966
968
97
97
970
971
971
972
973
973
973
973
973
973
973
974
974
974
974
974
974
974
974
974
974
974
974
974
974
974
974
974
974
975
975
975
975
975
975
975
975
975
975
975
975
975
975
975
975
975
975
975
975
975
975
975
975
975
975
975
975
975
975
975
975
975
975
975
975
975
975
975
975
975
975
975
976
976
976
976
976
976
976
976
977
978
98
98
98
98
980
980
982
982
982
985
985
985
985
985
985
985
986
986
987
987
987
987
989
989
99
99
990
990
990
990
990
991
991
993
994
997
998
998
999
999
